34
39
39
34
34
34
34
34
34
34
34
39
34
34
34
34
34
34
34
34
34
34
34
34
34
39
34
34
34
34
34
34
34
34
34
39
34
34
34
34
34
39
34
34
34
34
34
34
34
34
34
34
34
34
34
34
34
34
44
34
34
34
34
34
34
34
34
34
34
34
39
34
39
34
34
34
34
34
34
34
34
34
34
34
34
34
34
34
34
34
34
34
34
34
34
34
34
34
34
34
34
34
34
34
34
34
39
34
34
34
34
39
34
34
34
34
34
34
34
34
34
34
34
39
34
34
34
34
34
34
34
34
34
34
34
34
34
34
34
34
34
34
34
34
34
34
39
34
34
34
34
39
34
34
34
39
34
34
34
34
34
34
34
34
34
54
34
34
34
34
34
34
39
34
34
39
34
34
34
34
34
34
34
34
34
34
34
34
34
34
39
34
34
34
34
39
34
34
34
34
34
34
34
34
44
34
34
34
34
39
34
34
34
34
34
34
34
34
34
39
34
34
34
34
39
34
44
34
34
34
34
34
34
34
34
34
39
34
34
34
34
34
34
34
34
34
34
44
34
34
39
34
34
34
34
44
34
34
34
34
34
34
34
34
34
39
34
39
34
34
34
39
39
34
34
39
34
34
34
34
34
34
44
34
34
34
34
34
34
34
34
34
34
34
34
34
34
39
34
34
34
34
34
34
34
34
34
34
34
39
34
34
34
39
34
34
39
34
34
34
34
34
49
34
39
34
34
34
34
34
34
34
34
34
34
34
34
39
34
34
34
39
34
34
34
34
34
34
34
34
34
34
34
34
34
98
34
34
34
34
34
39
34
34
34
34
34
34
34
39
34
34
34
34
34
34
34
39
34
34
34
34
34
34
34
34
34
34
34
34
34
34
34
44
34
34
34
34
39
34
34
34
34
34
39
39
39
34
34
39
39
34
34
34
34
39
34
34
39
34
34
34
34
34
34
34
34
34
34
34
34
34
39
34
34
34
34
34
34
34
39
34
34
34
39
39
34
34
34
34
34
34
34
34
34
34
34
34
34
34
34
34
34
34
34
34
34
34
34
39
34
34
34
39
34
34
34
34
34
39
39
34
34
34
34
34
34
34
34
34
34
34
34
34
34
34
34
34
34
34
54
39
39
39
34
39
39
34
39
34
34
34
34
79
39
34
39
34
39
149
34
39
34
34
39
34
44
34
39
34
44
44
34
39
39
34
39
34
39
39
34
34
34
34
34
34
34
39
34
39
44
39
34
34
34
44
39
39
39
44
34
34
39
39
34
34
44
34
39
34
49
54
39
139
39
34
39
34
39
34
44
44
39
39
39
44
34
39
39
39
34
34
39
44
34
39
44
34
44
34
39
39
39
34
39
49
34
49
34
39
34
39
44
44
44
39
34
39
39
34
34
49
39
39
34
34
59
39
44
39
44
39
39
39
34
34
44
34
34
39
44
44
39
129
44
54
34
39
39
34
39
34
34
39
34
39
39
34
34
34
34
39
34
39
34
39
39
39
34
44
34
44
34
49
39
34
44
39
34
44
39
34
54
34
44
34
34
39
34
44
34
34
39
39
39
39
44
44
44
44
39
44
39
34
34
39
34
44
44
39
39
34
34
34
39
34
34
34
44
34
34
44
34
34
39
34
34
34
44
49
39
34
34
39
34
39
39
39
44
39
44
34
34
34
39
39
34
74
39
34
34
44
34
34
39
39
34
34
44
39
39
44
44
39
44
39
34
39
44
34
34
44
39
44
39
39
39
39
44
44
39
34
34
49
49
39
34
34
44
39
39
34
39
39
34
34
44
44
34
34
39
34
39
39
34
44
39
39
34
34
34
49
34
34
39
34
34
49
34
34
39
34
44
39
34
44
44
34
34
34
49
34
39
44
34
34
39
39
39
34
44
39
44
39
39
44
44
34
44
34
39
39
39
94
44
34
34
44
34
34
39
34
34
39
39
59
39
44
34
39
44
54
34
39
39
39
39
39
39
34
39
44
44
189
44
39
39
39
34
39
54
39
34
34
34
34
44
44
34
34
39
154
54
39
34
34
39
39
34
49
34
39
34
39
39
44
44
44
39
39
34
39
34
39
39
34
34
34
34
34
39
34
34
34
44
34
34
44
39
34
39
54
39
39
39
34
39
34
34
39
34
49
34
39
34
39
34
34
39
34
34
39
39
39
44
44
39
49
44
114
54
44
39
34
44
34
39
39
39
39
34
39
39
39
39
39
39
44
39
39
34
34
64
39
39
74
49
34
49
39
500
44
134
39
44
134
354
44
44
44
54
129
159
184
44
59
44
49
44
34
39
39
44
44
39
54
44
49
39
49
39
239
144
44
44
64
44
39
54
49
39
44
49
34
64
39
39
44
89
44
44
49
244
39
500
404
49
500
39
39
39
49
209
44
44
59
44
114
129
44
59
44
44
44
44
39
44
39
59
500
59
44
44
39
49
49
49
39
44
39
54
64
34
44
44
44
49
209
500
44
128
39
500
219
49
49
79
54
500
44
129
39
44
99
44
34
184
39
274
154
39
39
79
159
199
44
369
89
124
49
44
39
59
44
54
39
44
44
234
39
39
44
44
39
224
139
44
139
159
44
44
54
49
139
79
44
49
274
39
500
39
39
59
44
44
39
39
44
159
54
44
44
69
49
224
44
44
44
49
44
133
54
209
69
133
39
39
54
49
44
94
39
44
39
39
34
54
64
44
174
59
39
154
149
44
394
34
49
44
49
34
39
74
434
59
500
44
59
44
64
500
44
39
54
49
89
49
39
188
49
44
164
54
44
59
44
39
39
134
39
44
39
49
44
64
39
39
44
39
39
44
49
39
39
44
59
44
44
44
44
44
49
39
54
39
44
39
44
153
49
44
149
39
49
34
39
49
49
44
44
500
39
354
39
39
44
500
204
44
39
39
44
44
500
39
44
39
44
44
39
59
54
144
174
84
44
44
44
44
64
139
138
39
128
54
44
59
44
44
39
44
54
39
79
500
44
324
309
49
64
39
64
34
39
39
144
34
49
49
39
39
44
209
44
134
49
39
184
44
134
334
84
39
44
39
154
324
500
39
54
289
44
154
44
389
44
64
44
154
144
159
59
139
129
44
39
49
54
44
39
54
239
44
139
39
54
44
44
34
49
39
69
44
129
39
44
44
44
179
39
44
44
49
39
59
34
64
44
189
44
49
49
44
44
39
39
69
149
44
44
44
179
59
39
39
44
59
289
54
134
39
39
34
49
44
69
44
44
44
44
99
184
44
39
264
39
44
44
500
39
39
39
44
49
44
84
44
44
39
89
39
169
39
39
114
39
44
49
229
39
149
264
39
69
129
39
49
39
49
49
79
49
194
39
39
199
49
54
129
34
39
49
214
54
44
154
44
44
44
49
44
500
44
500
114
379
249
500
500
500
500
500
500
189
59
500
84
69
44
129
500
184
44
179
224
500
254
500
44
500
144
49
269
49
500
354
500
164
184
500
179
49
64
149
359
500
154
189
500
54
79
154
500
219
79
139
44
409
89
449
500
54
500
500
64
154
500
500
339
64
59
54
500
500
44
49
500
500
159
89
64
500
500
500
59
64
500
54
54
500
99
500
500
49
184
44
59
164
74
500
54
39
49
54
44
64
74
274
164
54
74
54
500
54
49
500
104
234
500
500
164
194
224
154
500
69
44
500
94
54
204
500
500
144
54
44
44
59
319
54
169
500
174
89
44
64
500
500
39
154
94
500
189
500
154
500
189
59
500
500
500
229
500
500
500
464
500
214
500
500
500
500
54
54
500
289
500
319
54
479
39
39
149
500
500
54
500
500
44
500
500
500
500
500
164
69
500
500
500
59
44
164
269
500
429
500
69
359
44
139
149
500
49
149
154
84
49
154
500
54
500
194
500
49
44
64
74
500
54
169
44
274
500
500
84
500
224
500
204
500
54
139
500
174
54
44
500
500
59
54
144
39
500
84
500
44
154
44
179
174
500
500
274
229
500
500
69
334
424
199
269
49
164
44
500
304
500
500
299
49
59
49
49
44
219
54
500
49
54
500
184
139
64
500
394
500
500
164
500
439
124
69
44
500
179
500
174
500
500
124
154
500
500
49
184
74
54
500
500
500
49
44
49
44
229
49
74
149
500
500
49
500
500
44
500
500
164
500
49
159
54
69
344
194
344
500
500
500
500
169
234
54
159
359
500
44
500
399
69
189
54
59
84
500
244
54
49
59
244
234
500
500
59
500
500
500
500
500
54
54
69
109
79
500
500
500
500
59
500
209
54
500
500
500
500
464
164
500
89
500
44
500
149
500
414
500
500
79
500
383
44
500
500
44
500
49
49
44
159
500
54
500
500
500
49
500
49
144
64
500
49
500
500
49
54
64
500
84
44
274
500
49
39
49
500
229
500
44
49
500
54
500
500
64
500
500
59
500
84
219
89
74
174
500
500
54
74
500
500
99
44
64
164
54
500
149
49
500
64
54
54
500
74
54
149
500
44
44
49
218
44
500
59
500
500
49
500
69
44
159
500
69
54
500
500
500
500
500
500
500
500
500
500
99
500
500
500
500
500
500
500
139
500
500
500
54
500
189
500
500
500
500
500
500
500
500
500
64
500
500
89
500
500
500
500
500
500
500
500
500
500
500
500
64
500
500
500
500
500
500
84
500
500
500
500
500
500
500
500
500
500
500
500
209
500
500
500
500
500
500
174
500
500
184
500
500
500
500
500
500
500
500
500
500
49
500
500
500
500
500
500
54
209
169
500
500
500
500
204
500
500
500
500
500
500
500
500
500
500
500
500
500
500
500
500
204
500
49
500
500
500
500
500
500
500
500
500
500
500
500
500
500
500
500
500
500
500
500
54
500
500
500
500
500
500
500
500
500
500
500
500
89
500
500
174
500
500
254
500
500
500
500
500
500
500
500
500
500
500
234
44
500
49
500
164
500
500
500
500
500
500
500
54
500
500
500
500
500
189
500
500
500
500
500
500
500
500
500
500
500
500
500
500
500
500
500
500
500
500
500
500
500
354
500
500
500
500
500
500
500
500
500
500
500
500
500
69
500
214
500
500
500
500
500
500
500
500
500
500
500
174
500
49
500
500
500
500
500
500
500
500
109
500
500
74
500
500
500
500
500
500
500
500
500
500
500
500
109
500
500
500
500
500
500
500
500
500
500
344
500
500
500
500
500
500
500
500
500
164
74
69
194
84
500
500
500
500
500
54
500
500
500
49
500
500
500
500
500
500
500
500
500
500
224
64
84
500
500
500
500
174
500
500
500
500
500
500
500
500
500
500
500
500
500
500
500
500
500
500
500
500
500
500
249
500
500
500
500
500
500
500
500
500
500
500
500
500
500
500
500
500
500
500
500
500
500
209
500
500
500
500
500
500
500
500
500
500
500
500
500
500
500
500
500
500
500
500
500
500
500
500
99
500
500
500
500
500
500
500
500
500
500
500
500
500
500
500
244
500
500
500
209
500
389
500
500
500
500
500
500
500
500
500
204
500
500
500
500
500
500
500
500
500
500
500
500
500
500
500
500
500
500
54
500
500
500
500
500
500
500
500
89
54
500
500
500
94
169
500
500
500
500
194
500
194
500
229
500
500
249
500
500
500
500
500
159
500
500
500
500
500
500
500
500
500
500
500
500
500
500
500
500
500
500
500
500
500
500
500
500
500
500
500
500
500
500
500
500
500
500
500
500
500
500
500
500
500
500
500
500
500
500
500
500
500
500
500
500
500
500
500
500
500
500
500
500
500
500
500
500
500
500
500
500
500
500
500
500
500
500
500
500
500
500
500
500
74
500
500
500
500
500
169
500
500
500
500
500
500
500
500
500
500
500
500
500
500
500
500
500
500
500
500
500
500
500
500
500
500
500
500
500
500
99
500
500
500
74
500
500
500
500
500
500
500
500
500
500
500
500
500
500
500
500
500
500
500
500
500
500
500
500
500
500
500
500
500
500
500
500
500
500
500
500
500
500
500
500
500
500
500
500
500
500
500
500
500
500
500
500
500
500
500
500
500
500
500
500
500
500
500
500
500
500
500
500
500
500
500
500
500
500
500
500
500
500
500
500
500
500
500
500
500
500
500
500
500
500
64
500
500
500
500
500
500
500
500
500
500
500
500
500
500
500
500
500
500
94
500
500
500
500
500
500
500
500
500
500
500
500
500
500
500
500
500
500
500
500
500
500
500
500
500
500
500
500
500
500
500
500
500
500
500
500
500
500
500
500
500
500
500
500
500
500
500
500
500
500
500
500
500
500
500
500
500
500
500
500
500
500
500
500
500
500
500
500
500
500
500
500
500
500
500
500
500
500
500
500
500
500
500
500
500
500
500
500
500
500
500
500
500
500
500
500
500
219
500
500
500
500
500
500
500
500
500
500
500
500
500
500
500
500
500
500
500
500
500
500
500
500
500
500
500
500
500
500
500
500
500
500
500
500
500
500
500
500
500
500
500
500
500
500
500
500
500
500
500
500
500
500
500
500
500
500
500
500
500
500
500
500
500
500
500
500
500
500
500
500
500
500
500
500
500
500
500
500
500
500
500
500
500
500
500
500
500
500
500
500
500
500
500
500
500
500
500
500
500
500
500
500
500
500
500
500
500
500
500
500
500
500
500
500
500
500
500
500
500
500
500
500
500
500
500
500
500
500
500
500
500
500
500
500
500
500
500
500
500
500
500
500
500
500
500
500
500
500
500
500
500
500
500
500
500
500
500
500
500
500
500
500
500
500
500
500
500
500
500
500
500
500
500
500
500
500
500
500
500
500
500
500
34
34
34
34
34
34
34
34
34
34
34
34
34
34
34
34
39
34
34
153
500
613
2000
2000
34
143
664
